   3.6026765e+01   4.1449631e+01
   1.5186774e+01   9.3423621e+01
   2.6230368e+01   3.5413995e+01
   4.2044869e+01   5.3697426e+01
   2.4550345e+01   7.0643228e+01
   3.2912488e+01   6.3266461e+01
   2.3933855e+01   8.6372434e+01
   1.8750431e+01   6.7154470e+01
   2.6650670e+01   4.5911723e+01
   3.9530632e+01   7.9663948e+01
   4.4435271e+01   4.0404279e+01
   4.0859695e+01   7.6068133e+01
   1.7514626e+01   7.4378778e+01
   2.5131360e+01   4.6051438e+01
   2.2083875e+01   4.2755961e+01
   2.4534162e+01   4.1644676e+01
   4.4533452e+01   4.0472496e+01
   3.1447527e+01   4.4192318e+01
   3.7477538e+01   9.6847123e+01
   4.0255552e+01   3.1113584e+01
   2.0006691e+01   9.7026005e+01
   4.2092928e+01   3.1798460e+01
   1.8153724e+01   9.7977746e+01
   3.7352793e+01   5.0831697e+01
   3.6881158e+01   6.6755116e+01
   3.6524088e+01   9.0363745e+01
   1.9002953e+01   9.2748343e+01
   2.8373670e+01   4.3230739e+01
   3.0263617e+01   7.6250369e+01
   3.0914709e+01   9.5886166e+01
   4.0791511e+01   9.8299499e+01
   3.5331747e+01   3.7555468e+01
   3.9175148e+01   4.2522946e+01
   3.0937286e+01   8.2258600e+01
   4.3676875e+01   3.3462797e+01
   1.7000308e+01   3.4989942e+01
   3.1245541e+01   6.4238786e+01
   2.3449810e+01   8.9492567e+01
   2.9427010e+01   9.9792901e+01
   3.5545913e+01   3.0307483e+01
   2.1247752e+01   6.7982522e+01
   3.3244830e+01   9.0294372e+01
   2.4785285e+01   9.3639732e+01
   4.1425416e+01   8.9174539e+01
   1.9001838e+01   9.1521102e+01
   1.8072234e+01   8.2232757e+01
   4.3773507e+01   3.8224257e+01
   1.9587060e+01   6.5631558e+01
   1.9576142e+01   4.1818223e+01
   1.9666578e+01   8.8177805e+01
   1.7687082e+01   9.4960760e+01
   2.8632737e+01   4.1863910e+01
   3.5066871e+01   9.1861612e+01
   3.9939050e+01   5.7150403e+01
   3.8707054e+01   5.6779862e+01
   3.6381328e+01   4.9001705e+01
   2.9177925e+01   9.0751820e+01
   3.6257645e+01   8.1905172e+01
   4.3741784e+01   6.1351091e+01
   3.0173267e+01   7.9674720e+01
   2.4151593e+01   9.6103190e+01
   3.8694336e+01   4.2188251e+01
   2.2091609e+01   4.7121740e+01
   2.2029085e+01   7.4865039e+01
   2.8940982e+01   8.6602876e+01
   3.3581604e+01   8.9735970e+01
   3.3459882e+01   5.7868235e+01
   1.8678717e+01   3.8084567e+01
   1.8713806e+01   3.5619667e+01
   2.3533770e+01   5.5232733e+01
   3.7071984e+01   8.8023388e+01
   2.7339243e+01   4.5022679e+01
   3.9869457e+01   8.5372823e+01
   4.3053423e+01   7.5828182e+01
   2.6972000e+01   3.1830251e+01
   1.6566341e+01   8.5004340e+01
   3.2135583e+01   9.4579413e+01
   3.7430099e+01   6.4461919e+01
   2.4607307e+01   8.8380816e+01
   2.9788030e+01   3.9194758e+01
   2.1649583e+01   8.3184843e+01
   4.3178212e+01   9.4801533e+01
   2.9469159e+01   8.8289530e+01
   3.1199883e+01   4.8158081e+01
   2.1631713e+01   4.4911524e+01
   1.7878350e+01   6.6562035e+01
   1.6804962e+01   5.7814997e+01
   3.9585266e+01   6.3537685e+01
   3.8144349e+01   9.9573255e+01
   2.0870872e+01   7.2313492e+01
   4.1853545e+01   9.6143605e+01
   3.5529004e+01   6.4330955e+01
   3.4705394e+01   6.0656259e+01
   4.4711436e+01   8.4085890e+01
   1.6010754e+01   8.2084660e+01
   2.7727598e+01   6.1003285e+01
   2.9699510e+01   3.3710004e+01
   3.2505134e+01   3.6147529e+01
   1.7498092e+01   8.5859017e+01
   3.4804639e+01   7.5890766e+01
   1.6569157e+01   3.2263489e+01
   3.1704916e+01   6.8994678e+01
   3.6360757e+01   8.0386109e+01
   2.9637319e+01   3.7728563e+01
   3.3528019e+01   4.5165316e+01
   2.1413327e+01   8.6771415e+01
   3.4369760e+01   3.9706332e+01
   2.6419269e+01   9.1732944e+01
   1.8111385e+01   9.4648924e+01
   2.6325346e+01   3.0892889e+01
   2.2885824e+01   5.6401148e+01
   2.2238568e+01   4.1746818e+01
   3.3687722e+01   6.7815596e+01
   3.0687833e+01   3.7116370e+01
   2.7397132e+01   3.2748742e+01
   2.1533761e+01   9.5326038e+01
   4.0756609e+01   9.8011432e+01
   4.0830248e+01   5.5264961e+01
   2.3518170e+01   7.5094378e+01
   3.3461785e+01   3.4756311e+01
   3.8384685e+01   4.4553840e+01
   4.3645419e+01   3.2772269e+01
   4.2588097e+01   6.2855152e+01
   2.6544471e+01   4.0506771e+01
   1.9879290e+01   9.9391484e+01
   3.8902543e+01   5.9894364e+01
   1.8414515e+01   9.6876047e+01
   1.9764729e+01   8.0697292e+01
   2.5674843e+01   7.0662420e+01
   4.0432757e+01   6.7818054e+01
   3.2483436e+01   7.9380883e+01
   3.2585330e+01   3.0352022e+01
   4.2775140e+01   8.4776105e+01
   3.2252348e+01   9.4880170e+01
   1.5299322e+01   3.0580696e+01
   3.9281319e+01   8.7723984e+01
   3.3264251e+01   8.3713511e+01
   2.9397410e+01   9.9799583e+01
   2.3053205e+01   4.5935715e+01
   2.2742892e+01   9.4367954e+01
   2.9430286e+01   7.4939951e+01
   2.1820245e+01   3.7372413e+01
   1.6458069e+01   4.8771264e+01
   2.0077254e+01   8.3469064e+01
   2.2753389e+01   8.6385711e+01
   2.0937302e+01   3.7297710e+01
   3.3170792e+01   6.2883114e+01
   3.9711109e+01   4.5334332e+01
   3.9318449e+01   9.4589553e+01
   3.9067110e+01   5.2422584e+01
   3.6243401e+01   9.0028067e+01
   4.0781336e+01   4.8189267e+01
   3.8432536e+01   9.1464406e+01
   2.1113906e+01   4.3178733e+01
   4.4800297e+01   8.3143569e+01
   1.7808736e+01   3.2218251e+01
   3.4518556e+01   7.4963741e+01
   2.1455296e+01   6.9680964e+01
   2.2316193e+01   5.6348668e+01
   2.5190634e+01   4.4878387e+01
   2.0935870e+01   8.5450979e+01
   3.0205001e+01   4.0181044e+01
   4.3522739e+01   6.4239972e+01
   2.6838217e+01   3.0899202e+01
   3.2533945e+01   4.3062842e+01
   3.3196117e+01   6.3966132e+01
   3.6439286e+01   8.8675825e+01
   2.7046091e+01   3.9873988e+01
   4.0760731e+01   8.1255189e+01
   4.2614549e+01   7.8374684e+01
   3.7525167e+01   3.2414483e+01
   2.3567751e+01   6.4220008e+01
   3.8904474e+01   9.7997329e+01
   1.9282975e+01   3.7871597e+01
   3.0136506e+01   8.2024964e+01
   3.3320639e+01   7.4697896e+01
   3.6113902e+01   7.1592804e+01
   2.6500198e+01   6.4903576e+01
   3.6860503e+01   6.9749686e+01
   4.1618540e+01   5.9855298e+01
   1.6675450e+01   3.5336761e+01
   1.9146490e+01   5.0341066e+01
   4.0891949e+01   6.9293453e+01
   2.7652394e+01   7.4333343e+01
   2.7339425e+01   9.5154310e+01
   4.3774240e+01   9.8443841e+01
   3.7507359e+01   3.6551758e+01
   4.4429913e+01   7.6321446e+01
   2.2005474e+01   7.2194103e+01
   1.7886803e+01   6.3167250e+01
   2.6537466e+01   5.4937944e+01
   3.0008177e+01   6.3290491e+01
   3.2107676e+01   7.6971541e+01
   4.4298948e+01   9.7175164e+01
   2.9785655e+01   3.6235899e+01
   2.7026486e+01   8.5841972e+01
   4.4849708e+01   7.1354302e+01
   2.2829940e+01   9.3853773e+01
   3.4959741e+01   3.7079052e+01
   4.3927698e+01   5.0530625e+01
   3.5134531e+01   3.3611174e+01
   2.3975246e+01   6.5288973e+01
   3.0933796e+01   8.3786303e+01
   1.5043895e+01   4.9808976e+01
   4.1513664e+01   4.5775217e+01
   2.7131516e+01   5.3190275e+01
   2.4036168e+01   6.1727595e+01
   4.3517448e+01   8.1616925e+01
   2.8819446e+01   6.5691996e+01
   2.3629425e+01   5.6775993e+01
   1.7538799e+01   9.3383825e+01
   3.2465440e+01   9.7568042e+01
   1.9592061e+01   7.3978715e+01
   1.7192829e+01   3.9242182e+01
   3.2416943e+01   7.3281124e+01
   2.3610443e+01   5.6811407e+01
   2.5857603e+01   9.9383562e+01
   3.6744741e+01   5.0077910e+01
   4.0749350e+01   7.9433400e+01
   2.5437471e+01   6.7464413e+01
   4.3852368e+01   4.3524773e+01
   4.3607072e+01   7.8260457e+01
   2.1181121e+01   3.3531850e+01
   3.8047346e+01   4.2910388e+01
   3.3465956e+01   3.3196083e+01
   4.2567675e+01   9.1952905e+01
   3.3076118e+01   8.8785607e+01
   3.6064147e+01   3.8270867e+01
   3.7310249e+01   5.8729040e+01
   2.6553068e+01   3.8416001e+01
   2.2545114e+01   7.0046477e+01
   1.6102792e+01   9.6457309e+01
   2.9163686e+01   4.7946961e+01
   3.4352170e+01   9.9290580e+01
   2.3369098e+01   5.4486563e+01
   3.0535827e+01   4.4596566e+01
   2.2369999e+01   7.6607901e+01
   2.3925245e+01   9.8134129e+01
   3.4514223e+01   7.3588988e+01
   4.1741799e+01   3.4447652e+01
   4.0833194e+01   5.6145667e+01
   2.1297452e+01   4.1637607e+01
   2.6972817e+01   4.6189465e+01
   4.1636491e+01   3.3654604e+01
   2.2695840e+01   9.3122942e+01
   4.4004048e+01   8.5530419e+01
   3.3574721e+01   5.6111003e+01
   1.9960373e+01   8.8243829e+01
   3.9785971e+01   8.2768419e+01
   3.4670793e+01   7.3530417e+01
   3.1393578e+01   5.7586523e+01
   2.2539879e+01   5.5149457e+01
   1.6204692e+01   3.6219672e+01
   2.2001262e+01   5.3917390e+01
   2.5833388e+01   6.8406942e+01
   3.4003651e+01   6.2238322e+01
   4.4582943e+01   7.5181666e+01
   2.1214699e+01   6.5946459e+01
   3.7712518e+01   8.7009853e+01
   4.1589843e+01   3.6802824e+01
   2.9166896e+01   6.2459949e+01
   1.9767406e+01   7.1287224e+01
   3.9327624e+01   4.3102045e+01
   2.9295233e+01   7.2793110e+01
   1.8488626e+01   3.3635939e+01
   4.1271618e+01   7.0300886e+01
   3.4055591e+01   8.8964129e+01
   1.7918440e+01   6.4980818e+01
   4.2253184e+01   6.0731742e+01
   1.6050481e+01   4.0433996e+01
   1.6192491e+01   3.1979562e+01
   4.4657037e+01   8.2966885e+01
   3.5585448e+01   8.5727437e+01
   2.6300676e+01   5.0548892e+01
   3.0129728e+01   3.8064472e+01
   3.7904870e+01   5.6256414e+01
   1.6466244e+01   8.8022562e+01
   3.6777830e+01   8.8924361e+01
   3.6039842e+01   7.6566692e+01
   2.8766725e+01   9.7209798e+01
   3.2468844e+01   9.6018252e+01
   2.5172694e+01   3.7888964e+01
   2.0118762e+01   7.5380121e+01
   2.6975802e+01   6.3656284e+01
   4.2593316e+01   3.4656448e+01
   2.1781363e+01   9.2843986e+01
   2.5830201e+01   6.4806109e+01
   2.4736860e+01   8.3991240e+01
   1.7507463e+01   3.4225356e+01
   3.0379966e+01   4.8372023e+01
   3.9985945e+01   7.5574856e+01
   4.2138405e+01   3.9352274e+01
   3.6707877e+01   7.4698202e+01
   2.6489875e+01   5.6946017e+01
   2.3940512e+01   8.3598869e+01
   3.5751349e+01   7.5704098e+01
   4.1413708e+01   5.6704235e+01
   4.2736449e+01   5.1001301e+01
   1.7437583e+01   5.3809769e+01
   2.9480190e+01   9.4324858e+01
   1.8847952e+01   6.1938677e+01
   2.2587335e+01   6.0974787e+01
   4.1518846e+01   6.1793007e+01
   2.0888307e+01   9.6169741e+01
   1.8640610e+01   4.5338327e+01
   3.1310850e+01   9.1768196e+01
   2.4438622e+01   3.1391280e+01
   2.6461227e+01   5.3923542e+01
   3.8746178e+01   8.3621921e+01
   4.0175384e+01   5.3996259e+01
   3.5407092e+01   7.3316448e+01
   2.7507660e+01   6.1711481e+01
   3.4286694e+01   3.0711382e+01
   2.1422444e+01   7.1935682e+01
   3.3518124e+01   7.2109784e+01
   3.5255734e+01   7.5459222e+01
   3.3030705e+01   5.3990444e+01
   2.5389285e+01   6.4530948e+01
   2.5932041e+01   7.9124176e+01
   2.0144432e+01   9.2146182e+01
   3.8860847e+01   3.3854049e+01
   2.9780007e+01   3.6885337e+01
   2.5638686e+01   7.5484795e+01
   3.8251836e+01   8.3484962e+01
   2.2104144e+01   9.9157126e+01
   4.0345003e+01   3.8772735e+01
   3.9495809e+01   5.5513402e+01
   4.0386851e+01   7.7336106e+01
   2.6105606e+01   5.6303072e+01
   2.6496886e+01   9.0442094e+01
   4.0840042e+01   5.0438373e+01
   2.8917276e+01   3.9343249e+01
   3.2116447e+01   7.7085536e+01
   3.5859204e+01   4.4180949e+01
   4.3827518e+01   9.0796064e+01
   3.1389389e+01   8.2581013e+01
   3.4097297e+01   5.9356575e+01
   3.2126775e+01   3.0016175e+01
   4.2813364e+01   4.0462461e+01
   4.0912967e+01   4.9168401e+01
   2.0095178e+01   9.1069751e+01
   2.0360971e+01   7.2087580e+01
   2.2305131e+01   5.2483192e+01
   3.7553381e+01   4.9900515e+01
   2.0974031e+01   6.0472106e+01
   4.4488215e+01   9.3263134e+01
   3.6289161e+01   9.4757395e+01
   2.0263084e+01   6.5370472e+01
   4.0748922e+01   7.3930727e+01
   4.2282344e+01   8.0348475e+01
   4.3849892e+01   3.1673902e+01
   3.2117991e+01   7.0245275e+01
   3.1886377e+01   3.3257412e+01
   2.0299836e+01   5.9577197e+01
   3.0410372e+01   6.2741398e+01
   3.1454157e+01   3.1583959e+01
   1.9958323e+01   3.4555183e+01
   2.9816791e+01   9.4676944e+01
   3.1053518e+01   6.7390000e+01
   2.0964215e+01   5.5675753e+01
   3.3695067e+01   5.5476233e+01
   1.5789462e+01   4.0596157e+01
   2.4563729e+01   4.0472602e+01
   3.0989986e+01   5.4556146e+01
   2.4803212e+01   5.3517627e+01
   3.3065713e+01   8.4881949e+01
   2.5857982e+01   6.4071745e+01
   1.9047619e+01   6.2535861e+01
   4.2414405e+01   3.9187679e+01
   3.4216765e+01   9.2047403e+01
   3.4763224e+01   7.7219020e+01
   3.5259910e+01   8.8461175e+01
   3.7336731e+01   7.5954155e+01
   4.0265327e+01   9.8874188e+01
   3.0499715e+01   9.8585291e+01
   1.9556061e+01   4.7510711e+01
   2.6419928e+01   7.3719949e+01
   3.9630582e+01   8.0976970e+01
   2.0140931e+01   6.4871922e+01
   2.4899258e+01   8.9487981e+01
   4.3994160e+01   4.3364274e+01
   3.9188778e+01   3.8690065e+01
   2.1665638e+01   3.0195329e+01
   4.4993194e+01   4.0706695e+01
   1.6912161e+01   6.7391258e+01
   2.7764494e+01   6.5744352e+01
   2.7130145e+01   5.6965112e+01
   2.7008787e+01   5.1741752e+01
   1.8357679e+01   3.0248881e+01
   2.7729323e+01   8.7066971e+01
   3.3406376e+01   7.4689292e+01
   4.4641839e+01   6.1383757e+01
   2.1597023e+01   4.7086004e+01
   2.5622432e+01   8.6236956e+01
   2.2987256e+01   8.7677962e+01
   2.3744941e+01   8.9653345e+01
   2.0651686e+01   6.2707623e+01
   1.5685789e+01   9.7948928e+01
   2.8482125e+01   8.8887081e+01
   2.2309206e+01   3.5498374e+01
   4.1061796e+01   4.6631922e+01
   3.0858323e+01   8.7229962e+01
   4.2424055e+01   5.8408010e+01
   4.4217905e+01   6.2641855e+01
   3.2562779e+01   9.6607535e+01
   1.8569261e+01   9.7550371e+01
   4.2795978e+01   8.3569941e+01
   3.2806823e+01   7.0217351e+01
   4.1508459e+01   9.4114752e+01
   2.7734278e+01   6.4680269e+01
   3.3217722e+01   4.1620866e+01
   1.7122907e+01   5.2819837e+01
   4.2743173e+01   5.0750527e+01
   3.4262382e+01   6.9080894e+01
   1.8134990e+01   3.4723376e+01
   3.6006752e+01   3.4828449e+01
   2.6874130e+01   4.1674921e+01
   1.7547143e+01   9.6320678e+01
   2.1434366e+01   8.6776189e+01
   2.2463967e+01   7.9731899e+01
   2.1799594e+01   9.7917189e+01
   3.6090132e+01   9.9889875e+01
   3.7624578e+01   9.9121836e+01
   3.1418599e+01   4.0506060e+01
   3.1604503e+01   9.7093516e+01
   3.3917184e+01   6.7132133e+01
   4.4563709e+01   3.5186056e+01
   3.4028346e+01   5.1827463e+01
   3.3013668e+01   9.2661955e+01
   4.2275609e+01   8.8433782e+01
   3.2125099e+01   3.0164413e+01
   2.5062598e+01   7.4814689e+01
   4.3714175e+01   8.6222780e+01
   2.8197694e+01   4.7159153e+01
   3.3046278e+01   3.4488556e+01
   3.6607871e+01   4.8420382e+01
   3.5363350e+01   3.7190425e+01
   2.1382770e+01   6.3860332e+01
   1.7448701e+01   5.9321912e+01
   2.3234382e+01   5.6690231e+01
   4.1025552e+01   9.2073558e+01
   3.1780712e+01   5.9439026e+01
   2.8938833e+01   4.9869351e+01
   2.7909027e+01   3.3372680e+01
   3.8219578e+01   4.5341619e+01
   3.4617613e+01   4.6742321e+01
   3.4731878e+01   3.2048094e+01
   1.9830627e+01   7.9161764e+01
   2.7971305e+01   3.0534489e+01
   3.0152583e+01   7.2764448e+01
   2.6259968e+01   5.8566268e+01
   2.9411167e+01   4.7426267e+01
   2.5272642e+01   7.5672181e+01
   3.8314393e+01   5.2419396e+01
   2.6518316e+01   3.7257049e+01
   3.6346693e+01   6.7489543e+01
   2.9428002e+01   4.1540917e+01
   3.6875407e+01   9.1840709e+01
   4.3126777e+01   7.6651991e+01
   3.0517632e+01   8.9341974e+01
   4.2092062e+01   8.3386274e+01
   2.1545779e+01   8.6490964e+01
   4.1196580e+01   7.4306671e+01
   1.7480788e+01   7.9729912e+01
   2.8962102e+01   7.8206448e+01
   1.5657895e+01   5.2466350e+01
   3.9248417e+01   6.7215395e+01
   2.0376285e+01   9.1123577e+01
   1.9961767e+01   3.3817777e+01
   2.0448104e+01   6.5028054e+01
   3.5743097e+01   6.0293425e+01
   2.1412906e+01   9.3299774e+01
   2.3943146e+01   7.4112835e+01
   3.8050054e+01   9.8812536e+01
   3.0034503e+01   7.0964024e+01
   4.2283944e+01   8.8844556e+01
   1.6735587e+01   6.2816965e+01
   2.8102558e+01   6.8165563e+01
   3.2167642e+01   4.2537288e+01
   3.1952015e+01   7.4412319e+01
   3.9714497e+01   9.7407114e+01
   1.8782965e+01   6.7380963e+01
   2.4003503e+01   6.3572998e+01
   1.5063661e+01   8.5556626e+01
   4.3533221e+01   3.6489960e+01
   3.7988981e+01   9.1655968e+01
   3.7539125e+01   3.0271147e+01
   1.9165945e+01   6.5807036e+01
   2.5479586e+01   7.7492454e+01
   1.9540217e+01   6.9602335e+01
   2.9901620e+01   6.3492105e+01
   3.9259568e+01   5.2435899e+01
   3.3986064e+01   7.2110586e+01
   3.5652045e+01   9.3920692e+01
   3.4187107e+01   7.7776247e+01
   3.6879652e+01   9.6271343e+01
   4.0795371e+01   3.6936231e+01
   3.3808661e+01   6.5772025e+01
   2.0417741e+01   3.7708984e+01
   3.2199196e+01   6.8168331e+01
