  -1.0000000e+00   1.8966314e+01
  -9.9799800e-01   2.0079921e+01
  -9.9599600e-01   1.8209926e+01
  -9.9399399e-01   1.8934774e+01
  -9.9199199e-01   1.8512598e+01
  -9.8998999e-01   1.8712240e+01
  -9.8798799e-01   1.7132160e+01
  -9.8598599e-01   1.8695876e+01
  -9.8398398e-01   1.9739686e+01
  -9.8198198e-01   2.0360690e+01
  -9.7997998e-01   1.7545734e+01
  -9.7797798e-01   2.0075057e+01
  -9.7597598e-01   1.8065247e+01
  -9.7397397e-01   1.6859708e+01
  -9.7197197e-01   1.8193968e+01
  -9.6996997e-01   1.7768117e+01
  -9.6796797e-01   1.8738342e+01
  -9.6596597e-01   1.7075817e+01
  -9.6396396e-01   1.8240794e+01
  -9.6196196e-01   1.6828057e+01
  -9.5995996e-01   1.7615801e+01
  -9.5795796e-01   1.7532295e+01
  -9.5595596e-01   1.8223561e+01
  -9.5395395e-01   1.7085084e+01
  -9.5195195e-01   1.6980960e+01
  -9.4994995e-01   1.7493896e+01
  -9.4794795e-01   1.6946021e+01
  -9.4594595e-01   1.7753837e+01
  -9.4394394e-01   1.7017940e+01
  -9.4194194e-01   1.8376044e+01
  -9.3993994e-01   1.4358981e+01
  -9.3793794e-01   1.7396701e+01
  -9.3593594e-01   1.6031155e+01
  -9.3393393e-01   1.6471167e+01
  -9.3193193e-01   1.7688682e+01
  -9.2992993e-01   1.7566527e+01
  -9.2792793e-01   1.6847815e+01
  -9.2592593e-01   1.4577439e+01
  -9.2392392e-01   1.6615357e+01
  -9.2192192e-01   1.6111290e+01
  -9.1991992e-01   1.4876813e+01
  -9.1791792e-01   1.5107769e+01
  -9.1591592e-01   1.6103178e+01
  -9.1391391e-01   1.3953348e+01
  -9.1191191e-01   1.5156871e+01
  -9.0990991e-01   1.7091504e+01
  -9.0790791e-01   1.4612398e+01
  -9.0590591e-01   1.6815561e+01
  -9.0390390e-01   1.5473065e+01
  -9.0190190e-01   1.5349678e+01
  -8.9989990e-01   1.4557151e+01
  -8.9789790e-01   1.3649689e+01
  -8.9589590e-01   1.5320548e+01
  -8.9389389e-01   1.4998546e+01
  -8.9189189e-01   1.4593324e+01
  -8.8988989e-01   1.4401743e+01
  -8.8788789e-01   1.3920506e+01
  -8.8588589e-01   1.4122591e+01
  -8.8388388e-01   1.3616438e+01
  -8.8188188e-01   1.4888397e+01
  -8.7987988e-01   1.5324150e+01
  -8.7787788e-01   1.3685099e+01
  -8.7587588e-01   1.4876037e+01
  -8.7387387e-01   1.3563061e+01
  -8.7187187e-01   1.3116041e+01
  -8.6986987e-01   1.3091352e+01
  -8.6786787e-01   1.3221348e+01
  -8.6586587e-01   1.4296503e+01
  -8.6386386e-01   1.2542031e+01
  -8.6186186e-01   1.3229847e+01
  -8.5985986e-01   1.3994812e+01
  -8.5785786e-01   1.3496131e+01
  -8.5585586e-01   1.3167855e+01
  -8.5385385e-01   1.2296282e+01
  -8.5185185e-01   1.3284124e+01
  -8.4984985e-01   1.0774535e+01
  -8.4784785e-01   1.0804342e+01
  -8.4584585e-01   1.4731493e+01
  -8.4384384e-01   1.2967331e+01
  -8.4184184e-01   1.3164827e+01
  -8.3983984e-01   1.1107156e+01
  -8.3783784e-01   1.2008662e+01
  -8.3583584e-01   1.5695014e+01
  -8.3383383e-01   1.3168117e+01
  -8.3183183e-01   1.3087228e+01
  -8.2982983e-01   1.3012146e+01
  -8.2782783e-01   1.1949619e+01
  -8.2582583e-01   1.2683368e+01
  -8.2382382e-01   1.2798349e+01
  -8.2182182e-01   1.3032841e+01
  -8.1981982e-01   1.0896586e+01
  -8.1781782e-01   1.1639130e+01
  -8.1581582e-01   1.2941846e+01
  -8.1381381e-01   1.3829497e+01
  -8.1181181e-01   1.2987388e+01
  -8.0980981e-01   1.0788706e+01
  -8.0780781e-01   1.3765693e+01
  -8.0580581e-01   1.3048582e+01
  -8.0380380e-01   1.1200106e+01
  -8.0180180e-01   1.2302046e+01
  -7.9979980e-01   1.1170875e+01
  -7.9779780e-01   1.2453803e+01
  -7.9579580e-01   1.2388096e+01
  -7.9379379e-01   9.7882356e+00
  -7.9179179e-01   1.0601327e+01
  -7.8978979e-01   1.0892367e+01
  -7.8778779e-01   1.0287633e+01
  -7.8578579e-01   1.2181708e+01
  -7.8378378e-01   9.8729693e+00
  -7.8178178e-01   9.5934247e+00
  -7.7977978e-01   1.2116746e+01
  -7.7777778e-01   1.0490822e+01
  -7.7577578e-01   9.5786930e+00
  -7.7377377e-01   1.1599083e+01
  -7.7177177e-01   1.0092821e+01
  -7.6976977e-01   1.1288891e+01
  -7.6776777e-01   1.0597513e+01
  -7.6576577e-01   1.0230042e+01
  -7.6376376e-01   1.1752603e+01
  -7.6176176e-01   1.0627725e+01
  -7.5975976e-01   1.0145242e+01
  -7.5775776e-01   9.1368205e+00
  -7.5575576e-01   1.1175498e+01
  -7.5375375e-01   9.3216468e+00
  -7.5175175e-01   1.1178161e+01
  -7.4974975e-01   1.0186348e+01
  -7.4774775e-01   1.1034406e+01
  -7.4574575e-01   7.8142970e+00
  -7.4374374e-01   9.2845143e+00
  -7.4174174e-01   9.9891892e+00
  -7.3973974e-01   1.0661272e+01
  -7.3773774e-01   1.2226223e+01
  -7.3573574e-01   9.5756727e+00
  -7.3373373e-01   9.8465828e+00
  -7.3173173e-01   8.9019557e+00
  -7.2972973e-01   1.1947164e+01
  -7.2772773e-01   8.4270538e+00
  -7.2572573e-01   9.8247206e+00
  -7.2372372e-01   8.3633859e+00
  -7.2172172e-01   1.0374010e+01
  -7.1971972e-01   9.2787670e+00
  -7.1771772e-01   7.7407293e+00
  -7.1571572e-01   1.0316358e+01
  -7.1371371e-01   8.4980978e+00
  -7.1171171e-01   1.1106221e+01
  -7.0970971e-01   1.0412132e+01
  -7.0770771e-01   1.1416600e+01
  -7.0570571e-01   9.6879373e+00
  -7.0370370e-01   8.6546458e+00
  -7.0170170e-01   9.6694496e+00
  -6.9969970e-01   9.2430985e+00
  -6.9769770e-01   8.3345572e+00
  -6.9569570e-01   1.0014669e+01
  -6.9369369e-01   8.6230776e+00
  -6.9169169e-01   1.0347721e+01
  -6.8968969e-01   8.4508656e+00
  -6.8768769e-01   8.1476525e+00
  -6.8568569e-01   1.0265706e+01
  -6.8368368e-01   6.9931670e+00
  -6.8168168e-01   7.6145076e+00
  -6.7967968e-01   8.4541136e+00
  -6.7767768e-01   9.1429140e+00
  -6.7567568e-01   9.9328947e+00
  -6.7367367e-01   8.4224389e+00
  -6.7167167e-01   1.0224921e+01
  -6.6966967e-01   8.8338545e+00
  -6.6766767e-01   9.2399404e+00
  -6.6566567e-01   7.8303075e+00
  -6.6366366e-01   8.9517918e+00
  -6.6166166e-01   1.0649268e+01
  -6.5965966e-01   9.1514844e+00
  -6.5765766e-01   7.9961385e+00
  -6.5565566e-01   9.2623172e+00
  -6.5365365e-01   9.0966314e+00
  -6.5165165e-01   8.5000096e+00
  -6.4964965e-01   9.8209208e+00
  -6.4764765e-01   7.3786977e+00
  -6.4564565e-01   8.1305483e+00
  -6.4364364e-01   8.4815571e+00
  -6.4164164e-01   8.3278055e+00
  -6.3963964e-01   9.2954201e+00
  -6.3763764e-01   8.3873187e+00
  -6.3563564e-01   8.9290802e+00
  -6.3363363e-01   7.9063497e+00
  -6.3163163e-01   7.4272774e+00
  -6.2962963e-01   8.0751611e+00
  -6.2762763e-01   7.3388606e+00
  -6.2562563e-01   7.3314528e+00
  -6.2362362e-01   8.0337521e+00
  -6.2162162e-01   9.2829821e+00
  -6.1961962e-01   8.3026425e+00
  -6.1761762e-01   8.9203345e+00
  -6.1561562e-01   6.1765540e+00
  -6.1361361e-01   8.9851863e+00
  -6.1161161e-01   6.8793729e+00
  -6.0960961e-01   7.2556977e+00
  -6.0760761e-01   8.8217066e+00
  -6.0560561e-01   8.8614518e+00
  -6.0360360e-01   8.4197627e+00
  -6.0160160e-01   1.0161948e+01
  -5.9959960e-01   7.8802243e+00
  -5.9759760e-01   5.4913512e+00
  -5.9559560e-01   5.8780910e+00
  -5.9359359e-01   6.9336120e+00
  -5.9159159e-01   8.1714640e+00
  -5.8958959e-01   6.8374637e+00
  -5.8758759e-01   6.4948050e+00
  -5.8558559e-01   7.7595966e+00
  -5.8358358e-01   7.6148454e+00
  -5.8158158e-01   8.0910481e+00
  -5.7957958e-01   8.7438246e+00
  -5.7757758e-01   6.0611442e+00
  -5.7557558e-01   5.4006023e+00
  -5.7357357e-01   9.1556208e+00
  -5.7157157e-01   6.6444840e+00
  -5.6956957e-01   7.5267896e+00
  -5.6756757e-01   9.5880872e+00
  -5.6556557e-01   8.1119861e+00
  -5.6356356e-01   6.9789811e+00
  -5.6156156e-01   7.6564384e+00
  -5.5955956e-01   6.1002039e+00
  -5.5755756e-01   7.5265521e+00
  -5.5555556e-01   8.6875198e+00
  -5.5355355e-01   8.0587141e+00
  -5.5155155e-01   7.1814598e+00
  -5.4954955e-01   8.1839976e+00
  -5.4754755e-01   5.4784951e+00
  -5.4554555e-01   6.4916024e+00
  -5.4354354e-01   7.6025134e+00
  -5.4154154e-01   6.6006944e+00
  -5.3953954e-01   7.0166686e+00
  -5.3753754e-01   7.7507082e+00
  -5.3553554e-01   7.5289474e+00
  -5.3353353e-01   7.0668457e+00
  -5.3153153e-01   5.7572704e+00
  -5.2952953e-01   6.7071300e+00
  -5.2752753e-01   8.3068841e+00
  -5.2552553e-01   7.7427663e+00
  -5.2352352e-01   4.7548187e+00
  -5.2152152e-01   5.7711101e+00
  -5.1951952e-01   7.7696816e+00
  -5.1751752e-01   6.8238303e+00
  -5.1551552e-01   8.6121069e+00
  -5.1351351e-01   6.0909864e+00
  -5.1151151e-01   8.4365293e+00
  -5.0950951e-01   7.6647892e+00
  -5.0750751e-01   7.2189390e+00
  -5.0550551e-01   6.1705626e+00
  -5.0350350e-01   6.6494233e+00
  -5.0150150e-01   5.7837424e+00
  -4.9949950e-01   5.3579126e+00
  -4.9749750e-01   7.1328029e+00
  -4.9549550e-01   5.6121015e+00
  -4.9349349e-01   5.7021412e+00
  -4.9149149e-01   4.4650010e+00
  -4.8948949e-01   7.2687446e+00
  -4.8748749e-01   7.2361241e+00
  -4.8548549e-01   7.4592658e+00
  -4.8348348e-01   6.7592743e+00
  -4.8148148e-01   7.7028435e+00
  -4.7947948e-01   7.0563149e+00
  -4.7747748e-01   6.3392838e+00
  -4.7547548e-01   7.2344038e+00
  -4.7347347e-01   7.3838069e+00
  -4.7147147e-01   6.7119682e+00
  -4.6946947e-01   5.7432675e+00
  -4.6746747e-01   8.4593001e+00
  -4.6546547e-01   6.3779929e+00
  -4.6346346e-01   7.9428749e+00
  -4.6146146e-01   7.6481571e+00
  -4.5945946e-01   8.0538486e+00
  -4.5745746e-01   6.6987851e+00
  -4.5545546e-01   7.4007115e+00
  -4.5345345e-01   7.2525033e+00
  -4.5145145e-01   7.9344294e+00
  -4.4944945e-01   5.5299356e+00
  -4.4744745e-01   6.1672803e+00
  -4.4544545e-01   5.8573717e+00
  -4.4344344e-01   9.0520436e+00
  -4.4144144e-01   5.9610307e+00
  -4.3943944e-01   7.9358261e+00
  -4.3743744e-01   7.1437532e+00
  -4.3543544e-01   5.9686544e+00
  -4.3343343e-01   7.4622433e+00
  -4.3143143e-01   6.3526401e+00
  -4.2942943e-01   4.4395143e+00
  -4.2742743e-01   6.0991838e+00
  -4.2542543e-01   7.5431180e+00
  -4.2342342e-01   5.6965837e+00
  -4.2142142e-01   6.5675512e+00
  -4.1941942e-01   6.4895407e+00
  -4.1741742e-01   6.5540921e+00
  -4.1541542e-01   5.9915034e+00
  -4.1341341e-01   6.0656847e+00
  -4.1141141e-01   6.4197046e+00
  -4.0940941e-01   6.0227276e+00
  -4.0740741e-01   6.1924037e+00
  -4.0540541e-01   6.8522336e+00
  -4.0340340e-01   4.5148590e+00
  -4.0140140e-01   7.6010970e+00
  -3.9939940e-01   6.4166666e+00
  -3.9739740e-01   6.2055404e+00
  -3.9539540e-01   5.6372640e+00
  -3.9339339e-01   6.6716505e+00
  -3.9139139e-01   6.6872095e+00
  -3.8938939e-01   5.0494381e+00
  -3.8738739e-01   6.7034298e+00
  -3.8538539e-01   7.1083861e+00
  -3.8338338e-01   7.7103729e+00
  -3.8138138e-01   7.1371170e+00
  -3.7937938e-01   4.8756953e+00
  -3.7737738e-01   6.6832482e+00
  -3.7537538e-01   6.9946737e+00
  -3.7337337e-01   5.1529069e+00
  -3.7137137e-01   4.4848239e+00
  -3.6936937e-01   7.4039757e+00
  -3.6736737e-01   6.4825678e+00
  -3.6536537e-01   4.9296985e+00
  -3.6336336e-01   6.2977292e+00
  -3.6136136e-01   4.5312921e+00
  -3.5935936e-01   4.7806009e+00
  -3.5735736e-01   5.7764841e+00
  -3.5535536e-01   7.1327395e+00
  -3.5335335e-01   5.2842903e+00
  -3.5135135e-01   6.6226201e+00
  -3.4934935e-01   4.7687980e+00
  -3.4734735e-01   4.6571584e+00
  -3.4534535e-01   6.2651955e+00
  -3.4334334e-01   4.9479514e+00
  -3.4134134e-01   6.1719335e+00
  -3.3933934e-01   7.2024257e+00
  -3.3733734e-01   6.4886943e+00
  -3.3533534e-01   5.5770403e+00
  -3.3333333e-01   6.5421688e+00
  -3.3133133e-01   6.5997694e+00
  -3.2932933e-01   6.5870006e+00
  -3.2732733e-01   7.6123129e+00
  -3.2532533e-01   5.1805949e+00
  -3.2332332e-01   5.0603520e+00
  -3.2132132e-01   7.8051922e+00
  -3.1931932e-01   7.0488947e+00
  -3.1731732e-01   6.2342112e+00
  -3.1531532e-01   5.4419829e+00
  -3.1331331e-01   2.6461965e+00
  -3.1131131e-01   3.8936090e+00
  -3.0930931e-01   7.3224057e+00
  -3.0730731e-01   5.3933878e+00
  -3.0530531e-01   6.1663379e+00
  -3.0330330e-01   5.5192358e+00
  -3.0130130e-01   6.6822134e+00
  -2.9929930e-01   4.6712782e+00
  -2.9729730e-01   6.1290179e+00
  -2.9529530e-01   4.5990950e+00
  -2.9329329e-01   5.6632194e+00
  -2.9129129e-01   6.7467113e+00
  -2.8928929e-01   3.6262339e+00
  -2.8728729e-01   4.5039023e+00
  -2.8528529e-01   7.5725469e+00
  -2.8328328e-01   6.7960471e+00
  -2.8128128e-01   6.8436835e+00
  -2.7927928e-01   6.7011706e+00
  -2.7727728e-01   6.1835921e+00
  -2.7527528e-01   6.1603764e+00
  -2.7327327e-01   6.9642287e+00
  -2.7127127e-01   5.6520837e+00
  -2.6926927e-01   4.7790328e+00
  -2.6726727e-01   3.3982477e+00
  -2.6526527e-01   5.0065495e+00
  -2.6326326e-01   5.7300808e+00
  -2.6126126e-01   5.4027359e+00
  -2.5925926e-01   5.8358669e+00
  -2.5725726e-01   3.5333288e+00
  -2.5525526e-01   5.2572691e+00
  -2.5325325e-01   6.3415329e+00
  -2.5125125e-01   5.1362563e+00
  -2.4924925e-01   6.0844616e+00
  -2.4724725e-01   4.6834587e+00
  -2.4524525e-01   5.2405923e+00
  -2.4324324e-01   4.0302401e+00
  -2.4124124e-01   4.9451976e+00
  -2.3923924e-01   5.3944534e+00
  -2.3723724e-01   5.9075996e+00
  -2.3523524e-01   6.7977967e+00
  -2.3323323e-01   4.3062142e+00
  -2.3123123e-01   5.2315990e+00
  -2.2922923e-01   4.3121723e+00
  -2.2722723e-01   6.2865697e+00
  -2.2522523e-01   3.7933682e+00
  -2.2322322e-01   6.1213224e+00
  -2.2122122e-01   6.3090118e+00
  -2.1921922e-01   3.0215406e+00
  -2.1721722e-01   5.8654954e+00
  -2.1521522e-01   5.6005476e+00
  -2.1321321e-01   3.5563682e+00
  -2.1121121e-01   6.2899115e+00
  -2.0920921e-01   6.3865645e+00
  -2.0720721e-01   7.3090229e+00
  -2.0520521e-01   5.5038216e+00
  -2.0320320e-01   6.5848892e+00
  -2.0120120e-01   5.6113509e+00
  -1.9919920e-01   5.8955604e+00
  -1.9719720e-01   5.1475095e+00
  -1.9519520e-01   4.8168326e+00
  -1.9319319e-01   6.1342615e+00
  -1.9119119e-01   3.3282909e+00
  -1.8918919e-01   6.6305656e+00
  -1.8718719e-01   4.8723978e+00
  -1.8518519e-01   6.4463099e+00
  -1.8318318e-01   5.0308579e+00
  -1.8118118e-01   5.1365984e+00
  -1.7917918e-01   5.3116562e+00
  -1.7717718e-01   5.4951216e+00
  -1.7517518e-01   5.3103061e+00
  -1.7317317e-01   4.8717131e+00
  -1.7117117e-01   6.0235023e+00
  -1.6916917e-01   5.8694769e+00
  -1.6716717e-01   4.9997923e+00
  -1.6516517e-01   5.4187949e+00
  -1.6316316e-01   5.1310676e+00
  -1.6116116e-01   4.2179086e+00
  -1.5915916e-01   5.6664217e+00
  -1.5715716e-01   5.7957195e+00
  -1.5515516e-01   5.7924277e+00
  -1.5315315e-01   5.0784967e+00
  -1.5115115e-01   3.9027317e+00
  -1.4914915e-01   4.0462205e+00
  -1.4714715e-01   7.0979163e+00
  -1.4514515e-01   6.3393170e+00
  -1.4314314e-01   4.2286044e+00
  -1.4114114e-01   4.9012469e+00
  -1.3913914e-01   6.5563506e+00
  -1.3713714e-01   4.8216816e+00
  -1.3513514e-01   6.1905808e+00
  -1.3313313e-01   6.2318179e+00
  -1.3113113e-01   4.9965488e+00
  -1.2912913e-01   5.1528526e+00
  -1.2712713e-01   5.5367901e+00
  -1.2512513e-01   6.6876879e+00
  -1.2312312e-01   4.8374150e+00
  -1.2112112e-01   5.9399658e+00
  -1.1911912e-01   3.9606788e+00
  -1.1711712e-01   6.3534155e+00
  -1.1511512e-01   7.0497561e+00
  -1.1311311e-01   3.9762122e+00
  -1.1111111e-01   5.0221760e+00
  -1.0910911e-01   5.3523731e+00
  -1.0710711e-01   4.8703826e+00
  -1.0510511e-01   4.2850124e+00
  -1.0310310e-01   5.5655650e+00
  -1.0110110e-01   5.0747769e+00
  -9.9099099e-02   6.3580066e+00
  -9.7097097e-02   4.6693235e+00
  -9.5095095e-02   5.5549480e+00
  -9.3093093e-02   4.7580582e+00
  -9.1091091e-02   5.8930137e+00
  -8.9089089e-02   5.3429750e+00
  -8.7087087e-02   2.9762861e+00
  -8.5085085e-02   4.8400733e+00
  -8.3083083e-02   5.8629701e+00
  -8.1081081e-02   5.8527651e+00
  -7.9079079e-02   5.0264639e+00
  -7.7077077e-02   4.2048750e+00
  -7.5075075e-02   5.9776787e+00
  -7.3073073e-02   5.7549736e+00
  -7.1071071e-02   5.9305468e+00
  -6.9069069e-02   6.3785907e+00
  -6.7067067e-02   2.9976899e+00
  -6.5065065e-02   6.2727486e+00
  -6.3063063e-02   5.3079451e+00
  -6.1061061e-02   4.5124101e+00
  -5.9059059e-02   5.4236645e+00
  -5.7057057e-02   4.7423602e+00
  -5.5055055e-02   2.6412250e+00
  -5.3053053e-02   3.7848506e+00
  -5.1051051e-02   5.3930716e+00
  -4.9049049e-02   5.9411213e+00
  -4.7047047e-02   6.5005315e+00
  -4.5045045e-02   4.7478736e+00
  -4.3043043e-02   6.0055446e+00
  -4.1041041e-02   5.1581975e+00
  -3.9039039e-02   6.0589246e+00
  -3.7037037e-02   6.4082124e+00
  -3.5035035e-02   5.5727657e+00
  -3.3033033e-02   5.9688944e+00
  -3.1031031e-02   5.2357008e+00
  -2.9029029e-02   3.7117421e+00
  -2.7027027e-02   5.2205939e+00
  -2.5025025e-02   5.0407836e+00
  -2.3023023e-02   3.2871590e+00
  -2.1021021e-02   4.1560234e+00
  -1.9019019e-02   5.7659187e+00
  -1.7017017e-02   6.4971973e+00
  -1.5015015e-02   4.0944724e+00
  -1.3013013e-02   6.0864635e+00
  -1.1011011e-02   3.9699622e+00
  -9.0090090e-03   5.9469196e+00
  -7.0070070e-03   3.6852683e+00
  -5.0050050e-03   3.6873220e+00
  -3.0030030e-03   5.3793573e+00
  -1.0010010e-03   5.0758003e+00
   1.0010010e-03   4.3969846e+00
   3.0030030e-03   4.4096424e+00
   5.0050050e-03   3.7639919e+00
   7.0070070e-03   6.6086857e+00
   9.0090090e-03   4.9663909e+00
   1.1011011e-02   5.4276777e+00
   1.3013013e-02   4.8802875e+00
   1.5015015e-02   2.8056262e+00
   1.7017017e-02   5.0906499e+00
   1.9019019e-02   2.8753956e+00
   2.1021021e-02   4.5031528e+00
   2.3023023e-02   4.5566871e+00
   2.5025025e-02   4.3208498e+00
   2.7027027e-02   4.8939375e+00
   2.9029029e-02   5.4716392e+00
   3.1031031e-02   4.2554603e+00
   3.3033033e-02   4.4862289e+00
   3.5035035e-02   5.4434488e+00
   3.7037037e-02   5.2061816e+00
   3.9039039e-02   6.0356703e+00
   4.1041041e-02   4.8115376e+00
   4.3043043e-02   3.5101796e+00
   4.5045045e-02   4.3244384e+00
   4.7047047e-02   3.8804327e+00
   4.9049049e-02   5.4718967e+00
   5.1051051e-02   5.3470613e+00
   5.3053053e-02   4.9318668e+00
   5.5055055e-02   4.3538807e+00
   5.7057057e-02   5.4119166e+00
   5.9059059e-02   3.8543478e+00
   6.1061061e-02   4.3335866e+00
   6.3063063e-02   5.6100802e+00
   6.5065065e-02   6.7235829e+00
   6.7067067e-02   4.6146120e+00
   6.9069069e-02   5.0232940e+00
   7.1071071e-02   3.8150983e+00
   7.3073073e-02   2.4069295e+00
   7.5075075e-02   5.2991713e+00
   7.7077077e-02   4.0490641e+00
   7.9079079e-02   5.4244614e+00
   8.1081081e-02   5.6497417e+00
   8.3083083e-02   3.7844037e+00
   8.5085085e-02   4.5658571e+00
   8.7087087e-02   4.7276707e+00
   8.9089089e-02   4.6154772e+00
   9.1091091e-02   4.0414424e+00
   9.3093093e-02   4.6109670e+00
   9.5095095e-02   5.5616607e+00
   9.7097097e-02   3.8922861e+00
   9.9099099e-02   3.2416737e+00
   1.0110110e-01   5.3712053e+00
   1.0310310e-01   5.4948937e+00
   1.0510511e-01   5.7473750e+00
   1.0710711e-01   5.8182034e+00
   1.0910911e-01   6.0630916e+00
   1.1111111e-01   5.9817750e+00
   1.1311311e-01   3.6930179e+00
   1.1511512e-01   4.8681440e+00
   1.1711712e-01   5.0145528e+00
   1.1911912e-01   4.5230885e+00
   1.2112112e-01   4.5250816e+00
   1.2312312e-01   5.1981877e+00
   1.2512513e-01   5.9022891e+00
   1.2712713e-01   3.8828100e+00
   1.2912913e-01   5.6259792e+00
   1.3113113e-01   5.7218718e+00
   1.3313313e-01   4.9952235e+00
   1.3513514e-01   6.0721600e+00
   1.3713714e-01   4.9203898e+00
   1.3913914e-01   5.2133625e+00
   1.4114114e-01   4.0413955e+00
   1.4314314e-01   3.8584692e+00
   1.4514515e-01   6.0146668e+00
   1.4714715e-01   5.6265839e+00
   1.4914915e-01   5.6245495e+00
   1.5115115e-01   6.7969726e+00
   1.5315315e-01   5.5630840e+00
   1.5515516e-01   4.3092765e+00
   1.5715716e-01   3.8624029e+00
   1.5915916e-01   3.4010863e+00
   1.6116116e-01   4.4089278e+00
   1.6316316e-01   3.1192552e+00
   1.6516517e-01   5.4438733e+00
   1.6716717e-01   4.6724893e+00
   1.6916917e-01   4.9453628e+00
   1.7117117e-01   6.9457751e+00
   1.7317317e-01   4.7240383e+00
   1.7517518e-01   4.1601353e+00
   1.7717718e-01   4.1284299e+00
   1.7917918e-01   5.7669871e+00
   1.8118118e-01   6.5533712e+00
   1.8318318e-01   3.5686042e+00
   1.8518519e-01   5.6216737e+00
   1.8718719e-01   4.4246350e+00
   1.8918919e-01   5.5521271e+00
   1.9119119e-01   3.9543346e+00
   1.9319319e-01   5.4345878e+00
   1.9519520e-01   6.0530869e+00
   1.9719720e-01   5.7289066e+00
   1.9919920e-01   5.1271041e+00
   2.0120120e-01   5.1581600e+00
   2.0320320e-01   4.7065077e+00
   2.0520521e-01   5.9275609e+00
   2.0720721e-01   6.2777044e+00
   2.0920921e-01   5.2104930e+00
   2.1121121e-01   4.4569784e+00
   2.1321321e-01   5.2102154e+00
   2.1521522e-01   6.2237640e+00
   2.1721722e-01   4.7665514e+00
   2.1921922e-01   3.8988903e+00
   2.2122122e-01   5.1675656e+00
   2.2322322e-01   5.9628736e+00
   2.2522523e-01   5.0332067e+00
   2.2722723e-01   5.5177897e+00
   2.2922923e-01   4.4977483e+00
   2.3123123e-01   4.4300961e+00
   2.3323323e-01   3.5063166e+00
   2.3523524e-01   4.1374093e+00
   2.3723724e-01   3.4463145e+00
   2.3923924e-01   5.2172114e+00
   2.4124124e-01   4.1419679e+00
   2.4324324e-01   3.5748150e+00
   2.4524525e-01   7.3602178e+00
   2.4724725e-01   4.2771383e+00
   2.4924925e-01   5.9452378e+00
   2.5125125e-01   4.6248348e+00
   2.5325325e-01   5.6663603e+00
   2.5525526e-01   3.3307294e+00
   2.5725726e-01   4.6842275e+00
   2.5925926e-01   6.0898037e+00
   2.6126126e-01   4.7424963e+00
   2.6326326e-01   4.8692446e+00
   2.6526527e-01   3.7371599e+00
   2.6726727e-01   7.2428198e+00
   2.6926927e-01   4.3488459e+00
   2.7127127e-01   4.3985463e+00
   2.7327327e-01   6.7243721e+00
   2.7527528e-01   6.1935165e+00
   2.7727728e-01   4.8083399e+00
   2.7927928e-01   4.9675179e+00
   2.8128128e-01   5.7756805e+00
   2.8328328e-01   6.3836739e+00
   2.8528529e-01   5.2552061e+00
   2.8728729e-01   5.6431392e+00
   2.8928929e-01   6.0920995e+00
   2.9129129e-01   4.3638013e+00
   2.9329329e-01   7.0861869e+00
   2.9529530e-01   6.4772569e+00
   2.9729730e-01   5.0393617e+00
   2.9929930e-01   3.6661810e+00
   3.0130130e-01   5.4148190e+00
   3.0330330e-01   4.6687563e+00
   3.0530531e-01   5.7923669e+00
   3.0730731e-01   4.9635966e+00
   3.0930931e-01   4.9522155e+00
   3.1131131e-01   3.1914725e+00
   3.1331331e-01   3.9303605e+00
   3.1531532e-01   3.1872950e+00
   3.1731732e-01   4.6945837e+00
   3.1931932e-01   5.6159100e+00
   3.2132132e-01   3.5206253e+00
   3.2332332e-01   4.3881662e+00
   3.2532533e-01   5.6695567e+00
   3.2732733e-01   6.5365928e+00
   3.2932933e-01   5.6096925e+00
   3.3133133e-01   5.5493075e+00
   3.3333333e-01   7.0634324e+00
   3.3533534e-01   5.9889854e+00
   3.3733734e-01   4.1989205e+00
   3.3933934e-01   6.2330535e+00
   3.4134134e-01   4.8878500e+00
   3.4334334e-01   6.2684336e+00
   3.4534535e-01   6.6409972e+00
   3.4734735e-01   4.8993890e+00
   3.4934935e-01   4.6094826e+00
   3.5135135e-01   3.6982794e+00
   3.5335335e-01   4.5399318e+00
   3.5535536e-01   5.1907257e+00
   3.5735736e-01   3.5732862e+00
   3.5935936e-01   6.1700052e+00
   3.6136136e-01   4.4599990e+00
   3.6336336e-01   4.7925468e+00
   3.6536537e-01   4.6002750e+00
   3.6736737e-01   4.7433932e+00
   3.6936937e-01   5.6164093e+00
   3.7137137e-01   4.5627615e+00
   3.7337337e-01   4.7512817e+00
   3.7537538e-01   5.1082586e+00
   3.7737738e-01   4.8923001e+00
   3.7937938e-01   6.6930688e+00
   3.8138138e-01   5.4643452e+00
   3.8338338e-01   6.0158896e+00
   3.8538539e-01   4.6699268e+00
   3.8738739e-01   6.8493159e+00
   3.8938939e-01   4.3766607e+00
   3.9139139e-01   3.4960104e+00
   3.9339339e-01   5.3044373e+00
   3.9539540e-01   5.4175451e+00
   3.9739740e-01   5.4158183e+00
   3.9939940e-01   5.6690520e+00
   4.0140140e-01   4.4021525e+00
   4.0340340e-01   4.2824021e+00
   4.0540541e-01   4.3274830e+00
   4.0740741e-01   4.9673766e+00
   4.0940941e-01   6.4453963e+00
   4.1141141e-01   5.7282796e+00
   4.1341341e-01   4.5614347e+00
   4.1541542e-01   5.4373158e+00
   4.1741742e-01   4.4345954e+00
   4.1941942e-01   4.2001978e+00
   4.2142142e-01   4.7343823e+00
   4.2342342e-01   4.9472953e+00
   4.2542543e-01   5.7961464e+00
   4.2742743e-01   5.1568415e+00
   4.2942943e-01   5.2357066e+00
   4.3143143e-01   5.2346687e+00
   4.3343343e-01   4.1991753e+00
   4.3543544e-01   5.6279545e+00
   4.3743744e-01   5.3358299e+00
   4.3943944e-01   4.2318848e+00
   4.4144144e-01   4.0576234e+00
   4.4344344e-01   3.8893892e+00
   4.4544545e-01   8.5900391e+00
   4.4744745e-01   5.2661376e+00
   4.4944945e-01   5.8598242e+00
   4.5145145e-01   5.1769858e+00
   4.5345345e-01   4.9547590e+00
   4.5545546e-01   6.4263291e+00
   4.5745746e-01   5.4791324e+00
   4.5945946e-01   4.2585733e+00
   4.6146146e-01   5.5772515e+00
   4.6346346e-01   6.8638094e+00
   4.6546547e-01   7.7867395e+00
   4.6746747e-01   6.7401176e+00
   4.6946947e-01   5.8251522e+00
   4.7147147e-01   4.8991722e+00
   4.7347347e-01   3.8385833e+00
   4.7547548e-01   5.2245410e+00
   4.7747748e-01   6.3551239e+00
   4.7947948e-01   3.3623586e+00
   4.8148148e-01   4.2866098e+00
   4.8348348e-01   5.9083071e+00
   4.8548549e-01   5.5147537e+00
   4.8748749e-01   4.8485107e+00
   4.8948949e-01   5.3988356e+00
   4.9149149e-01   4.9109252e+00
   4.9349349e-01   7.1763079e+00
   4.9549550e-01   3.6228297e+00
   4.9749750e-01   3.3749027e+00
   4.9949950e-01   5.5812695e+00
   5.0150150e-01   5.5227627e+00
   5.0350350e-01   4.8759727e+00
   5.0550551e-01   7.3956217e+00
   5.0750751e-01   6.8080662e+00
   5.0950951e-01   5.8665967e+00
   5.1151151e-01   6.5504889e+00
   5.1351351e-01   4.3893850e+00
   5.1551552e-01   3.5372243e+00
   5.1751752e-01   4.8009591e+00
   5.1951952e-01   4.8745985e+00
   5.2152152e-01   4.8039733e+00
   5.2352352e-01   6.0784405e+00
   5.2552553e-01   5.0639965e+00
   5.2752753e-01   5.9239052e+00
   5.2952953e-01   7.3210445e+00
   5.3153153e-01   6.5218191e+00
   5.3353353e-01   5.3987966e+00
   5.3553554e-01   6.4746872e+00
   5.3753754e-01   5.9821620e+00
   5.3953954e-01   4.7822596e+00
   5.4154154e-01   3.4670065e+00
   5.4354354e-01   5.1853970e+00
   5.4554555e-01   4.7751978e+00
   5.4754755e-01   5.4422589e+00
   5.4954955e-01   5.7424691e+00
   5.5155155e-01   5.0705787e+00
   5.5355355e-01   7.4504175e+00
   5.5555556e-01   6.8871470e+00
   5.5755756e-01   4.6048377e+00
   5.5955956e-01   4.4532890e+00
   5.6156156e-01   3.7832001e+00
   5.6356356e-01   7.2145079e+00
   5.6556557e-01   5.8892199e+00
   5.6756757e-01   3.3148905e+00
   5.6956957e-01   4.8850311e+00
   5.7157157e-01   6.3354788e+00
   5.7357357e-01   4.6558884e+00
   5.7557558e-01   5.9476280e+00
   5.7757758e-01   5.9831401e+00
   5.7957958e-01   6.0266679e+00
   5.8158158e-01   5.1705349e+00
   5.8358358e-01   4.6850996e+00
   5.8558559e-01   5.8560986e+00
   5.8758759e-01   4.8237410e+00
   5.8958959e-01   5.5631243e+00
   5.9159159e-01   5.0448869e+00
   5.9359359e-01   2.6770226e+00
   5.9559560e-01   3.7646640e+00
   5.9759760e-01   4.9840665e+00
   5.9959960e-01   6.6346450e+00
   6.0160160e-01   5.9789798e+00
   6.0360360e-01   5.5691006e+00
   6.0560561e-01   5.4171249e+00
   6.0760761e-01   6.9130686e+00
   6.0960961e-01   3.1377504e+00
   6.1161161e-01   4.7666672e+00
   6.1361361e-01   6.3257233e+00
   6.1561562e-01   5.0948840e+00
   6.1761762e-01   5.2251509e+00
   6.1961962e-01   5.9378209e+00
   6.2162162e-01   4.1166252e+00
   6.2362362e-01   4.2872018e+00
   6.2562563e-01   5.5602568e+00
   6.2762763e-01   5.5546463e+00
   6.2962963e-01   5.0317328e+00
   6.3163163e-01   3.9268629e+00
   6.3363363e-01   2.5424916e+00
   6.3563564e-01   3.2371917e+00
   6.3763764e-01   4.3498623e+00
   6.3963964e-01   3.4527795e+00
   6.4164164e-01   6.3334837e+00
   6.4364364e-01   6.2242358e+00
   6.4564565e-01   4.6428441e+00
   6.4764765e-01   3.4551077e+00
   6.4964965e-01   6.4789967e+00
   6.5165165e-01   4.3800813e+00
   6.5365365e-01   4.5623610e+00
   6.5565566e-01   5.0372819e+00
   6.5765766e-01   5.0463100e+00
   6.5965966e-01   4.1398797e+00
   6.6166166e-01   5.2132734e+00
   6.6366366e-01   3.8094941e+00
   6.6566567e-01   5.3645970e+00
   6.6766767e-01   4.7844557e+00
   6.6966967e-01   4.2123393e+00
   6.7167167e-01   4.8564619e+00
   6.7367367e-01   4.0978272e+00
   6.7567568e-01   3.9287720e+00
   6.7767768e-01   5.5951470e+00
   6.7967968e-01   3.0425672e+00
   6.8168168e-01   5.0306994e+00
   6.8368368e-01   3.5183053e+00
   6.8568569e-01   6.6673397e+00
   6.8768769e-01   3.6043258e+00
   6.8968969e-01   5.6008990e+00
   6.9169169e-01   5.0522661e+00
   6.9369369e-01   2.2413311e+00
   6.9569570e-01   5.6765300e+00
   6.9769770e-01   4.7617066e+00
   6.9969970e-01   3.9554189e+00
   7.0170170e-01   3.0521788e+00
   7.0370370e-01   3.8563977e+00
   7.0570571e-01   4.1364307e+00
   7.0770771e-01   3.7881862e+00
   7.0970971e-01   5.5121993e+00
   7.1171171e-01   2.6159181e+00
   7.1371371e-01   6.0119749e+00
   7.1571572e-01   4.7722817e+00
   7.1771772e-01   6.5845235e+00
   7.1971972e-01   3.6098643e+00
   7.2172172e-01   3.4182842e+00
   7.2372372e-01   3.9591113e+00
   7.2572573e-01   3.8718033e+00
   7.2772773e-01   4.8112599e+00
   7.2972973e-01   4.5068688e+00
   7.3173173e-01   4.5878708e+00
   7.3373373e-01   4.0734776e+00
   7.3573574e-01   4.4004373e+00
   7.3773774e-01   4.1220101e+00
   7.3973974e-01   5.2837058e+00
   7.4174174e-01   3.8889292e+00
   7.4374374e-01   4.3589063e+00
   7.4574575e-01   5.4017288e+00
   7.4774775e-01   6.5826181e+00
   7.4974975e-01   4.5289609e+00
   7.5175175e-01   2.5707833e+00
   7.5375375e-01   2.6528323e+00
   7.5575576e-01   5.5365929e+00
   7.5775776e-01   3.6507603e+00
   7.5975976e-01   3.8667656e+00
   7.6176176e-01   4.4108542e+00
   7.6376376e-01   3.8530801e+00
   7.6576577e-01   4.1343020e+00
   7.6776777e-01   2.0186624e+00
   7.6976977e-01   5.2938280e+00
   7.7177177e-01   3.2569114e+00
   7.7377377e-01   4.0433974e+00
   7.7577578e-01   3.2263702e+00
   7.7777778e-01   3.8342273e+00
   7.7977978e-01   2.0100698e+00
   7.8178178e-01   5.9356673e+00
   7.8378378e-01   3.9772739e+00
   7.8578579e-01   4.2526761e+00
   7.8778779e-01   2.7571198e+00
   7.8978979e-01   2.1805376e+00
   7.9179179e-01   3.3736040e+00
   7.9379379e-01   3.9429272e+00
   7.9579580e-01   3.4952249e+00
   7.9779780e-01   4.2140277e+00
   7.9979980e-01   3.0273597e+00
   8.0180180e-01   4.5527805e+00
   8.0380380e-01   2.2393094e+00
   8.0580581e-01   2.6737484e+00
   8.0780781e-01   1.6878247e+00
   8.0980981e-01   4.2639654e+00
   8.1181181e-01   4.2199950e+00
   8.1381381e-01   3.2919669e+00
   8.1581582e-01   3.6764909e+00
   8.1781782e-01   5.2112490e+00
   8.1981982e-01   4.0943958e+00
   8.2182182e-01   2.6488241e+00
   8.2382382e-01   9.3612699e-01
   8.2582583e-01   3.2602831e+00
   8.2782783e-01   3.1988600e+00
   8.2982983e-01   3.3006156e+00
   8.3183183e-01   1.8001763e+00
   8.3383383e-01   3.8170873e+00
   8.3583584e-01   2.7248116e+00
   8.3783784e-01   2.6253904e+00
   8.3983984e-01   3.1644063e+00
   8.4184184e-01   3.0919531e+00
   8.4384384e-01   1.7476282e+00
   8.4584585e-01   1.9049804e+00
   8.4784785e-01  -1.0498241e-01
   8.4984985e-01   3.6782985e+00
   8.5185185e-01   2.4546475e+00
   8.5385385e-01   4.3538828e+00
   8.5585586e-01   2.6480881e+00
   8.5785786e-01   2.8971592e+00
   8.5985986e-01   2.4673623e+00
   8.6186186e-01   1.1528658e+00
   8.6386386e-01   1.6779218e+00
   8.6586587e-01   4.2786598e+00
   8.6786787e-01   2.7966328e+00
   8.6986987e-01   1.4478720e+00
   8.7187187e-01   1.0683343e+00
   8.7387387e-01   2.8433081e+00
   8.7587588e-01   1.0050689e+00
   8.7787788e-01   9.1638597e-01
   8.7987988e-01   2.0552529e+00
   8.8188188e-01   3.7152623e+00
   8.8388388e-01   2.1139016e+00
   8.8588589e-01   1.8751551e+00
   8.8788789e-01   1.6955733e+00
   8.8988989e-01   1.0672697e+00
   8.9189189e-01   1.7412352e+00
   8.9389389e-01   1.8224545e-01
   8.9589590e-01   2.3118097e+00
   8.9789790e-01   4.5969076e-01
   8.9989990e-01   3.0083612e+00
   9.0190190e-01   1.9278970e+00
   9.0390390e-01   1.2474917e+00
   9.0590591e-01   2.6956792e-01
   9.0790791e-01   1.8408029e+00
   9.0990991e-01   1.0709778e+00
   9.1191191e-01  -2.3040034e-01
   9.1391391e-01   1.6262906e+00
   9.1591592e-01   5.2335601e-01
   9.1791792e-01   3.0166970e+00
   9.1991992e-01   3.1253051e+00
   9.2192192e-01   2.1705226e+00
   9.2392392e-01   5.1247850e-01
   9.2592593e-01   1.9206770e+00
   9.2792793e-01  -2.4218387e-01
   9.2992993e-01  -1.6260362e-01
   9.3193193e-01   5.5682884e-01
   9.3393393e-01   2.2684080e-01
   9.3593594e-01   2.4852989e+00
   9.3793794e-01  -1.2718872e+00
   9.3993994e-01   6.1815010e-01
   9.4194194e-01  -1.4764786e+00
   9.4394394e-01  -9.6692834e-01
   9.4594595e-01   2.0834145e+00
   9.4794795e-01   8.0253540e-01
   9.4994995e-01   8.7971708e-02
   9.5195195e-01   1.4176620e+00
   9.5395395e-01   3.7928953e-01
   9.5595596e-01  -2.7980799e+00
   9.5795796e-01  -2.2885200e+00
   9.5995996e-01  -1.3246575e+00
   9.6196196e-01  -1.9266521e-01
   9.6396396e-01   5.5745722e-01
   9.6596597e-01  -1.2048714e+00
   9.6796797e-01  -7.7896077e-01
   9.6996997e-01  -1.9259203e+00
   9.7197197e-01  -1.8446332e+00
   9.7397397e-01   4.1748859e-01
   9.7597598e-01  -7.2534301e-01
   9.7797798e-01  -7.6782981e-02
   9.7997998e-01   1.6343827e+00
   9.8198198e-01  -1.0817121e+00
   9.8398398e-01   5.6473866e-01
   9.8598599e-01  -1.5249040e+00
   9.8798799e-01  -5.2992533e-01
   9.8998999e-01  -1.9071072e+00
   9.9199199e-01  -2.7969595e+00
   9.9399399e-01  -3.8284433e+00
   9.9599600e-01  -1.2302982e+00
   9.9799800e-01  -2.5827876e+00
   1.0000000e+00  -3.2762250e+00
